31  CURRENT.ALM
 34 147456

1
63
0
 9.17148590087891E-03  1.14097595214844E-02 -2.51384335570037E-09
 5.15359521484375E+03 -2.45081186294556E-02  2.42904543876648E-01
 1.77046060562134E-02 -2.16484069824219E-04 -1.09139364212751E-11
0
11

2
61
0
 1.94845199584961E-02  4.74166870117188E-03 -2.56477505899966E-09
 5.15353564453125E+03 -4.76199388504028E-02 -5.39583563804626E-01
 1.12306833267212E-01 -3.58581542968750E-04 -7.27595761418343E-12
0
9

3
69
0
 2.59923934936523E-03  6.87789916992188E-03 -2.46654963120818E-09
 5.15361425781250E+03  3.06901097297668E-01  2.51797080039978E-01
-3.57340931892395E-01 -4.57763671875000E-05 -7.27595761418343E-12
0
11

4
74
0
 1.26218795776367E-03  5.44738769531250E-03 -2.49565346166492E-09
 5.15053613281250E+03  6.50171279907227E-01 -4.05893802642822E-01
-1.02320075035095E-01 -1.52587890625000E-05 -3.63797880709171E-12
63
12

5
50
0
 5.80883026123047E-03  2.71034240722656E-03 -2.51748133450747E-09
 5.15350634765625E+03  2.97524094581604E-01  2.56522059440613E-01
 9.25908446311951E-01 -3.81469726562500E-06  0.00000000000000E+00
0
10

6
67
0
 1.61266326904297E-03  1.12838745117188E-02 -2.50656739808619E-09
 5.15366064453125E+03 -2.71373987197876E-02 -3.85250568389893E-01
 1.38482093811035E-01 -1.42097473144531E-04 -1.09139364212751E-11
0
11

7
48
0
 1.31888389587402E-02  3.84521484375000E-03 -2.53203324973583E-09
 5.15365966796875E+03  9.77487444877625E-01 -7.70972847938538E-01
-2.01668024063110E-01 -1.61170959472656E-04 -7.27595761418343E-12
0
10

8
72
0
 4.77790832519531E-03  8.77380371093750E-03 -2.52111931331456E-09
 5.15354589843750E+03 -3.64504218101501E-01 -7.38986730575562E-02
 7.83711552619934E-01 -1.52587890625000E-05  0.00000000000000E+00
0
11

9
68
0
 1.68085098266602E-03  3.10707092285156E-03 -2.51020537689328E-09
 5.15349462890625E+03  6.35351061820984E-01  5.35428404808044E-01
 8.71817111968994E-01 -9.82284545898438E-05 -1.09139364212751E-11
0
11

10
73
0
 5.13792037963867E-03  6.87408447265625E-03 -2.47018761001527E-09
 5.15361669921875E+03  3.05903077125549E-01 -8.70338916778564E-01
-6.16045713424683E-01 -1.57356262207031E-04 -1.45519152283669E-11
0
11

11
46
0
 1.63378715515137E-02 -9.85717773437500E-03 -2.72120814770460E-09
 5.15368554687500E+03 -1.71856522560120E-01  6.28313899040222E-01
-2.46502518653870E-01 -4.31060791015625E-04  1.09139364212751E-11
0
9

12
58
0
 7.64846801757812E-03  1.21040344238281E-02 -2.43744580075145E-09
 5.15374316406250E+03 -6.71363472938538E-01  3.47834825515747E-01
-3.88509631156921E-01  1.77383422851562E-04 -3.63797880709171E-12
0
10

13
43
0
 4.10842895507812E-03  8.00132751464844E-03 -2.45927367359400E-09
 5.15361279296875E+03  6.79967761039734E-01  3.77702116966248E-01
 4.33910131454468E-01 -2.95639038085938E-05  3.63797880709171E-12
0
9

14
41
0
 1.07216835021973E-02  5.63240051269531E-03 -2.48473952524364E-09
 5.15353955078125E+03  6.65413737297058E-01 -6.14620685577393E-01
 6.14058375358582E-01 -4.67300415039062E-05  3.63797880709171E-12
0
9

15
55
0
 1.20573043823242E-02 -4.69779968261719E-03 -2.57932697422802E-09
 5.15354101562500E+03  6.08324050903320E-01  2.69210815429688E-01
 4.29866909980774E-01 -2.68936157226562E-04  3.63797880709171E-12
0
10

16
56
0
 1.10249519348145E-02  1.21936798095703E-02 -2.43380782194436E-09
 5.15363427734375E+03 -6.65347933769226E-01  1.84464812278748E-01
-9.83654975891113E-01 -9.91821289062500E-05 -3.63797880709171E-12
0
9

17
53
0
 1.34191513061523E-02  1.32598876953125E-02 -2.47746356762946E-09
 5.15356689453125E+03 -3.42159748077393E-01 -5.35645842552185E-01
 6.88421130180359E-01  1.73568725585938E-04  7.27595761418343E-12
0
10

19
59
0
 9.19294357299805E-03  1.26342773437500E-02 -2.48837750405073E-09
 5.15361621093750E+03 -3.27541828155518E-01  4.88396406173706E-01
-4.44307684898376E-01 -2.31742858886719E-04  3.63797880709171E-12
0
9

20
51
0
 5.08975982666016E-03 -3.26538085937500E-03 -2.57568899542093E-09
 5.15356689453125E+03  2.66136765480042E-01  7.98280358314514E-01
-1.21232748031616E-01  5.27381896972656E-04  0.00000000000000E+00
0
9

21
45
0
 2.46243476867676E-02  2.78663635253906E-03 -2.57205101661384E-09
 5.15355615234375E+03 -4.65804338455200E-02 -4.43585157394409E-01
-5.71800112724304E-01 -7.72476196289062E-05  7.27595761418343E-12
0
9

22
47
0
 6.88171386718750E-03 -4.32395935058594E-03 -2.58660293184221E-09
 5.15357958984375E+03  2.81431913375854E-01 -4.00968313217163E-01
 4.15436267852783E-01 -7.75337219238281E-04 -3.63797880709171E-12
0
9

23
60
0
 1.32546424865723E-02  1.81198120117188E-04 -2.53567122854292E-09
 5.15365380859375E+03  6.33151769638062E-01 -7.06005811691284E-01
 2.54310846328735E-01 -1.51634216308594E-04  3.63797880709171E-12
0
9

24
65
0
 9.19198989868164E-03 -1.50299072265625E-03 -2.58296495303512E-09
 5.15360693359375E+03  9.55487966537476E-01  2.00292110443115E-01
 9.75632667541504E-02 -5.72204589843750E-06  0.00000000000000E+00
0
11

25
62
0
 8.66031646728516E-03  8.09669494628906E-03 -2.47746356762946E-09
 5.15357958984375E+03 -6.92597985267639E-01  2.81734466552734E-01
-5.14547705650330E-01 -1.71661376953125E-05  0.00000000000000E+00
0
11

26
71
0
 4.29821014404297E-03  2.11334228515625E-03 -2.53203324973583E-09
 5.15365771484375E+03 -7.02799558639526E-01  4.13334369659424E-02
-6.89881563186646E-01  9.72747802734375E-05  7.27595761418343E-12
0
11

27
66
0
 7.42292404174805E-03  1.14345550537109E-02 -2.49929144047201E-09
 5.15361230468750E+03 -3.60408186912537E-01  1.59006834030151E-01
 7.15899944305420E-01 -1.38282775878906E-04 -1.09139364212751E-11
0
11

28
44
0
 1.90734863281250E-02  1.18713378906250E-02 -2.42653186433017E-09
 5.15366650390625E+03 -6.64124488830566E-01 -4.56421732902527E-01
 9.51550841331482E-01  7.52449035644531E-04  0.00000000000000E+00
0
9

29
57
0
 1.04904174804688E-03  1.37577056884766E-02 -2.47746356762946E-09
 5.15361621093750E+03 -3.38513374328613E-01  6.50762796401978E-01
 7.68216609954834E-01  2.86102294921875E-05 -1.09139364212751E-11
0
10

30
64
0
 4.15468215942383E-03 -8.06808471679688E-04 -2.57932697422802E-09
 5.15366113281250E+03  9.85552787780762E-01 -9.28291201591492E-01
-2.10965037345886E-01 -9.72747802734375E-05 -7.27595761418343E-12
0
11

31
52
0
 9.59444046020508E-03  5.27763366699219E-03 -2.50656739808619E-09
 5.15368652343750E+03  9.82205867767334E-01  2.39148139953613E-02
-3.06752204895020E-01 -6.67572021484375E-06 -3.63797880709171E-12
0
10

32
70
0
 3.30829620361328E-03  4.44221496582031E-03 -2.49565346166492E-09
 5.15359863281250E+03  6.37765765190125E-01 -8.11103463172913E-01
 9.61970329284668E-01  1.43051147460938E-04  1.09139364212751E-11
0
11

