COSMOS 2426 (717)       
1 29671U 06062B   20092.16061984  .00000070  00000-0  10000-3 0  9998
2 29671  64.9979 270.5222 0019806 169.9550 221.6324  2.12962336103255
COSMOS 2433 (720)       
1 32275U 07052A   20091.86264973 -.00000039  00000-0  10000-3 0  9997
2 32275  65.9588  31.5059 0004365 278.9161 344.3644  2.13104273 96755
COSMOS 2432 (719)       
1 32276U 07052B   20092.40303734 -.00000040  00000-0  10000-3 0  9990
2 32276  65.9714  31.5746 0012586 327.3608 300.8486  2.13103755 96765
COSMOS 2434 (721)       
1 32393U 07065A   20091.68445542  .00000068  00000-0  00000-0 0  9992
2 32393  64.6003 269.0860 0005148  89.8805 284.1838  2.13103041 95461
COSMOS 2436 (723)       
1 32395U 07065C   20092.19036527  .00000069  00000-0  10000-3 0  9995
2 32395  64.6128 269.1177 0015183   8.4473 169.9953  2.13102971 95404
COSMOS 2456 (730)       
1 36111U 09070A   20091.78934855  .00000035  00000-0  00000-0 0  9997
2 36111  64.2185 148.7517 0005054 307.8127 320.1190  2.13102821 80122
COSMOS 2457 (733)       
1 36112U 09070B   20092.22141670  .00000037  00000-0  00000-0 0  9995
2 36112  64.2036 148.6325 0005100 181.0973 181.9500  2.13101419 80149
COSMOS 2459 (731)       
1 36400U 10007A   20092.14600882 -.00000041  00000-0  10000-3 0  9993
2 36400  65.8635  30.4764 0027420 348.2363 347.5738  2.13105445 78485
COSMOS 2461 (735)       
1 36401U 10007B   20091.73101089 -.00000041  00000-0  10000-3 0  9993
2 36401  65.8545  30.4612 0006637  44.6263 241.7768  2.13101982 78470
COSMOS 2460 (732)       
1 36402U 10007C   20092.13428801 -.00000041  00000-0  10000-3 0  9993
2 36402  65.8448  30.4072 0002114 318.1943 316.8697  2.13101413 78488
COSMOS 2464 (736)       
1 37139U 10041C   20092.07599448  .00000068  00000-0  00000-0 0  9992
2 37139  64.2043 268.5507 0027610  14.8909 163.7306  2.13100671 74552
COSMOS 2474 (742)       
1 37829U 11055A   20092.47051149  .00000037  00000-0  00000+0 0  9994
2 37829  64.5398 149.7226 0009899 247.2449  38.3634  2.13101768 66136
COSMOS 2476 (744)       
1 37867U 11064A   20092.50813162  .00000038  00000-0  00000+0 0  9992
2 37867  64.5203 149.7702 0020653 241.6752 119.0194  2.13102048 65496
COSMOS 2477 (745)       
1 37868U 11064B   20092.13458924  .00000036  00000-0  00000+0 0  9991
2 37868  64.5284 149.8354 0017914 241.4900  11.1712  2.13101708 65433
COSMOS 2475 (743)       
1 37869U 11064C   20092.07725079  .00000036  00000-0  00000-0 0  9994
2 37869  64.5348 149.8357 0022163 262.4686 263.5211  2.13101880 65443
COSMOS 2485 (747)       
1 39155U 13019A   20092.51417381  .00000038  00000-0  00000+0 0  9990
2 39155  64.6872 150.0173 0020913 235.9551 173.9734  2.13101885 53966
COSMOS 2492 (754)       
1 39620U 14012A   20092.17642844 -.00000042  00000-0  10000-3 0  9998
2 39620  65.7346  30.1996 0015782 324.1990 221.7269  2.13103290 46901
COSMOS 2500 (755)       
1 40001U 14032A   20092.06774038 -.00000042  00000-0  00000-0 0  9990
2 40001  65.6756  30.1243 0005964 228.2886  94.9735  2.13102632 45113
COSMOS 2501 (702K)      
1 40315U 14075A   20092.42643564  .00000067  00000-0  00000+0 0  9999
2 40315  63.9220 269.5131 0014962 203.9596 190.0772  2.13098543 41534
COSMOS 2514 (751)       
1 41330U 16008A   20092.52901175 -.00000043  00000-0  00000+0 0  9996
2 41330  65.4771  30.0017 0009678 228.7598 270.6489  2.13103002 32299
COSMOS 2516 (753)       
1 41554U 16032A   20092.16167432  .00000067  00000-0  00000+0 0  9996
2 41554  64.1441 269.5747 0010419 212.6633 255.6679  2.13101717 29890
COSMOS 2522 (752)       
1 42939U 17055A   20092.23103660  .00000068  00000-0  00000+0 0  9992
2 42939  64.3770 269.7259 0005101 248.8760 139.2328  2.13101916 19651
COSMOS 2527 (756)       
1 43508U 18053A   20092.15450677  .00000036  00000-0  00000-0 0  9994
2 43508  64.8527 149.8596 0008134 237.3802 123.7106  2.13102675 13941
COSMOS 2529 (757)       
1 43687U 18086A   20092.29955550  .00000069  00000-0  00000+0 0  9998
2 43687  64.5918 269.8252 0007850 279.7306 116.5660  2.13102043 10968
COSMOS 2534 (758)       
1 44299U 19030A   20092.09415226  .00000069  00000-0  00000-0 0  9998
2 44299  64.6579 269.6404 0011524 299.0191  74.7712  2.13101940  6603
