COSMOS 2426 (717)       
1 29671U 06062B   20049.62120645  .00000059  00000-0  10000-3 0  9998
2 29671  65.0134 271.9623 0019654 170.3495   7.8893  2.12962363102349
COSMOS 2433 (720)       
1 32275U 07052A   20049.59581909 -.00000038  00000-0  10000-3 0  9990
2 32275  65.9435  32.9137 0005426 267.8943 329.6169  2.13104396 95856
COSMOS 2432 (719)       
1 32276U 07052B   20049.86062215 -.00000039  00000-0  10000-3 0  9996
2 32276  65.9568  32.9915 0012524 320.5605  70.5447  2.13103720 95869
COSMOS 2434 (721)       
1 32393U 07065A   20049.48325755  .00000060  00000-0  00000+0 0  9997
2 32393  64.6195 270.5366 0004604  77.9450 320.6447  2.13103054 94567
COSMOS 2436 (723)       
1 32395U 07065C   20049.48695029  .00000060  00000-0  10000-3 0  9998
2 32395  64.6275 270.5837 0015358   6.2130 171.4856  2.13102938 94497
COSMOS 2456 (730)       
1 36111U 09070A   20049.67700507 -.00000045  00000-0  00000+0 0  9994
2 36111  64.2187 150.1927 0003359 325.0593  35.5559  2.13102772 79232
COSMOS 2457 (733)       
1 36112U 09070B   20049.52865336 -.00000044  00000-0  00000+0 0  9990
2 36112  64.1990 150.0937 0005930 159.0843 211.5756  2.13101452 79233
COSMOS 2459 (731)       
1 36400U 10007A   20049.73344483 -.00000040  00000-0  10000-3 0  9991
2 36400  65.8473  31.8943 0026806 344.6947 213.3920  2.13105165 77586
COSMOS 2461 (735)       
1 36401U 10007B   20049.83341884 -.00000041  00000-0  10000-3 0  9996
2 36401  65.8414  31.8633 0005142  43.1741 141.0634  2.13102038 77586
COSMOS 2460 (732)       
1 36402U 10007C   20049.74215662 -.00000040  00000-0  10000-3 0  9990
2 36402  65.8299  31.8248 0002698 284.3631 229.2275  2.13101429 77583
COSMOS 2464 (736)       
1 37139U 10041C   20049.59551670  .00000061  00000-0  00000-0 0  9999
2 37139  64.2199 270.0322 0027728  13.2713 335.9347  2.13100735 73641
COSMOS 2474 (742)       
1 37829U 11055A   20049.81894465 -.00000045  00000-0  00000-0 0  9991
2 37829  64.5375 151.1624 0008832 243.1071  81.7056  2.13101869 65223
COSMOS 2476 (744)       
1 37867U 11064A   20049.45689804 -.00000043  00000-0  00000+0 0  9999
2 37867  64.5187 151.2207 0018822 236.1720 217.0867  2.13101888 64579
COSMOS 2477 (745)       
1 37868U 11064B   20049.53931503 -.00000043  00000-0  00000+0 0  9995
2 37868  64.5256 151.2737 0016490 237.4834  97.5703  2.13101746 64522
COSMOS 2475 (743)       
1 37869U 11064C   20049.61580142 -.00000044  00000-0  00000-0 0  9996
2 37869  64.5319 151.2714 0020291 260.8382  90.1887  2.13101839 64536
COSMOS 2485 (747)       
1 39155U 13019A   20049.73549559 -.00000044  00000-0  00000-0 0  9998
2 39155  64.6860 151.4544 0019362 231.8921 119.7228  2.13101808 53042
COSMOS 2492 (754)       
1 39620U 14012A   20049.47394644 -.00000040  00000-0  10000-3 0  9993
2 39620  65.7205  31.6349 0015800 318.6683 227.4006  2.13103357 45995
COSMOS 2500 (755)       
1 40001U 14032A   20049.67019755 -.00000041  00000-0  00000-0 0  9996
2 40001  65.6626  31.5513 0007381 227.9846 329.4479  2.13102603 44210
COSMOS 2501 (702K)      
1 40315U 14075A   20049.87556321  .00000059  00000-0  00000+0 0  9995
2 40315  63.9365 271.0140 0014929 206.8627 304.0493  2.13098522 40625
COSMOS 2514 (751)       
1 41330U 16008A   20049.46278385 -.00000041  00000-0  00000-0 0  9990
2 41330  65.4644  31.4614 0011130 228.5408 351.9722  2.13103049 31372
COSMOS 2516 (753)       
1 41554U 16032A   20049.70425968  .00000059  00000-0  00000+0 0  9990
2 41554  64.1580 271.0561 0010581 217.9870  78.4657  2.13101807 28983
COSMOS 2522 (752)       
1 42939U 17055A   20048.28670303  .00000050  00000-0  00000+0 0  9992
2 42939  64.3915 271.2529 0005689 255.9913 259.5121  2.13102056 18719
COSMOS 2527 (756)       
1 43508U 18053A   20049.40303031 -.00000042  00000-0  00000+0 0  9992
2 43508  64.8502 151.2889 0006817 225.8090  97.7353  2.13102604 13028
COSMOS 2529 (757)       
1 43687U 18086A   20047.44424485  .00000043  00000-0  00000+0 0  9995
2 43687  64.6100 271.3683 0008701 282.0264 262.8050  2.13102126 10009
COSMOS 2534 (758)       
1 44299U 19030A   20049.33048403  .00000058  00000-0  00000-0 0  9994
2 44299  64.6748 271.1079 0012405 298.8417  28.1419  2.13101939  5686
